"","err_Lt","err_s","err_dev"
"1",-566712.909641111,-727855.405003977,-566712.90964111
"2",-27968.8426773143,-164693.075879215,-27968.8426773101
"3",-329565.183457815,-427558.761077724,-329565.18345782
"4",-8322.15528410021,-68486.4837685623,-8322.15528410021
"5",-342945.092928206,-391323.825101027,-342945.09292821
"6",500771.097206357,454863.357355027,500771.09720636
"7",219284.793208505,222648.132796956,219284.7932085
"8",-57339.059431151,-33858.8463387024,-57339.0594311398
"9",50149.0621204437,144848.480758415,50149.0621204497
"10",-175139.955779081,-37680.8373630415,-175139.95577907
"11",-140989.339555213,-41192.4180967556,-140989.339555199
"12",405627.85998769,569382.820134722,405627.85998769
"13",-508187.224156517,-395583.069719155,-508187.22415652
"14",-126090.230902289,-126901.60253878,-126090.23090229
"15",79830.9721438419,15280.4324068688,79830.97214384
"16",183346.231544454,-13007.9942521825,183346.23154446
"17",142144.215912497,903.587237145752,142144.2159125
"18",513544.241408443,500538.748453363,513544.24140844
"19",811375.124321527,862552.978478621,811375.12432152
"20",-295404.646177866,-230579.003554218,-295404.64617787
"21",-6413.47396140685,63379.2542353775,-6413.47396141011
"22",-41424.3611579239,-37060.9765434652,-41424.3611579197
"23",437481.294222749,417166.77261186,437481.29422275
"24",459362.986751739,480375.292299467,459362.98675174
"25",81791.3563966549,132282.140323813,81791.35639665
"26",660288.724151559,732611.313069079,660288.72415156
"27",-313300.128202126,-239479.031664606,-313300.12820213
"28",379308.519201764,417761.739520498,379308.51920176
"29",-469625.541092398,-435370.131163659,-469625.5410924
"30",-168982.603815769,-123489.030696215,-168982.60381577
"31",-539032.768636243,-510804.909285054,-539032.76863625
"32",-406667.180746347,-387180.046650939,-406667.18074635
"33",-202197.199792614,-191216.337571013,-202197.19979262
"34",256244.534404087,232552.108837014,256244.53440409
"35",-182096.339894109,-213808.516455113,-182096.33989411
"36",-453591.648473248,-482968.385850716,-453591.64847325
"37",-18039.5525149056,1919.28002409637,-18039.55251491
"38",705341.644483824,707984.872959225,705341.64448382
"39",-17612.0575931715,-42010.0275369831,-17612.0575931799
"40",-389459.04689349,-428122.508684409,-389459.0468935
